sales_ymd,amount,lag_ymd,lag_amount,diff_amount
20170101,33723,None,None,None
20170102,24165,20170101,33723,-9558
20170103,27503,20170102,24165,3338
20170104,36165,20170103,27503,8662
20170105,37830,20170104,36165,1665
20170106,32387,20170105,37830,-5443
20170107,23415,20170106,32387,-8972
20170108,24737,20170107,23415,1322
20170109,26718,20170108,24737,1981
20170110,20143,20170109,26718,-6575
